round,client_0,client_1,client_2,client_3,client_4,client_5,client_6,client_7,client_8,client_9,client_10,client_11,client_12,client_13,client_14,client_15,client_16,client_17,client_18,client_19,client_20,client_21,client_22,client_23,client_24,client_25,client_26,client_27,client_28,client_29,client_30,client_31,client_32,client_33,client_34,client_35,client_36,client_37,client_38,client_39,client_40,client_41,client_42,client_43,client_44,client_45,client_46,client_47,client_48,client_49,client_50,client_51,client_52,client_53,client_54,client_55,client_56,client_57,client_58,client_59,client_60,client_61,client_62,client_63,client_64,client_65,client_66,client_67,client_68,client_69,client_70,client_71,client_72,client_73,client_74,client_75,client_76,client_77,client_78,client_79,client_80,client_81,client_82,client_83,client_84,client_85,client_86,client_87,client_88,client_89,client_90,client_91,client_92,client_93,client_94,client_95,client_96,client_97,client_98,client_99
16,,,,0.40728849906781167,,,,,,,,,-9.23994456782368,-9.23994456782368,,,,,,,,,,,,0.7037049429326427,,,,-0.09464357412531475,,,,0.614661502021557,,,,,,,,,0.15671035553881732,,,,,,,,-7.372526344661612,0.6725723418625714,0.6415144403601765,,,,0.7572170676062212,-0.33303868503861034,-9.23994456782368,,,,,,,,1.0987170349251603,0.26624404348759834,,,,0.8166429080541696,,,,,,-7.372526344661612,,,,,,,-9.23994456782368,,,1.3045478030545898,,,,,-0.8249524568376561,,,,,,,
17,,,-10.64229811274011,,,-0.9902991717685434,,,,,,,,,,,,,-10.739619407012857,,-10.739619407012857,,-10.64229811274011,,-0.6320237046628092,,0.7989951351906551,0.3346906348529508,,,0.5218745234011958,,0.01765866655046734,,,,,,,,,,,,,-0.7190315823547171,,,,,,,,-0.7967409201119249,,-10.739619407012857,,,,-10.64229811274011,1.4771442666525567,,,,,,,,1.8881942002010663,,,,,,,0.11416895174719176,,,,-10.739619407012857,,,1.274958214929331,,,,,,,-10.64229811274011,,,,,,,,,,
18,,,,,-9.623454269560524,,,,,,,,,,,,0.9960899445044462,,,-9.623454269560524,,,,-0.713811950063339,,,,,,,,1.8626002608259904,,,1.5067945481765523,,,,-0.059390046905103536,,,,,,,,,,-10.739619407012857,0.24048669880823065,,,,,,,,,,,,,1.3433153224375713,-10.739619407012857,0.635417866269099,-10.739619407012857,,,,,,,-0.15081375841537317,-10.739619407012857,,,-10.739619407012857,,,,,2.5213944230547765,,,,-9.623454269560524,,,,,,,,,,0.3546416443864831,0.43710607649858224,,,
19,,,,,,,-0.6035810661495796,-9.23994456782368,1.3082088599912227,4.171653940418152,-0.9193999445978206,2.829881850183792,,,,,,,,,,0.0,,,,,,,,,,,,,,0.8730379691677534,,-1.0995667425074778,,,0.9820005166720097,,,0.6482226171616032,,,0.5643723524450103,-9.623454269560524,,,,,,,,,,,,,,,,,,,,,,,,,,,0.9370749516787171,,,,,,,,,-0.4948737421682172,,,-0.286852564840781,,-1.0,,,-9.23994456782368,,0.20505887259677485,,,,-9.623454269560524,,
20,0.637609831708099,-2.018765153896672,,,,,,,,,,,,,0.1378977362918512,-10.64229811274011,,1.1655848198028553,,,,,,,,,,,1.1481199052560482,,,,,,,,-7.372526344661612,,,0.2907618422158382,,-0.21354038601001596,,,0.6012334766112541,,,,,,,,,,2.2502482204384244,,,,,,,1.1336095142349363,,,,,,,,0.1910760472723764,-10.64229811274011,,,,,,,,1.2707376893556228,,1.2225759212168559,,,,,,,,,,0.6781374596544523,,,,-7.372526344661612,,,,-0.2465949447067575,0.9313822221253895
21,0.5244433879852295,,-10.345175862312317,,-9.917291402816772,-0.7741200923919678,,-9.726930260658264,,1.3983595371246338,,,-12.443941533565521,-12.526646554470062,,-8.350326418876648,1.0,,-10.345175862312317,-10.008088946342468,-9.147246479988098,0.0,-10.254822373390198,,-3.0289697647094727,0.2916586399078369,,0.0,,,,,,2.1182847023010254,,,-8.350326418876648,,,,,0.34348249435424805,,,,,,-9.63581383228302,-8.809723854064941,,-12.526646554470062,,-2.952578067779541,,,-10.254822373390198,,0.7868838310241699,-12.526646554470062,-10.345175862312317,,,,-9.917291402816772,,-8.809723854064941,,,,,-8.350326418876648,,-0.2347087860107422,-10.008088946342468,,-0.21866202354431152,-8.809723854064941,-12.443941533565521,,-10.254822373390198,-1.2286782264709473,,,,-11.339450776576996,-9.917291402816772,,,,-10.345175862312317,,-9.63581383228302,,0.0830543041229248,-8.350326418876648,,0.0,-8.52767527103424,,
22,3.0259406566619873,-4.657560586929321,-9.220089104675493,-2.029524582919126,-4.821948192842706,,,-6.0193030071716,,,,3.561915159225464,-6.3352693239913105,-9.220089104675493,,-4.561214818797895,,,-9.220089104675493,-4.82002565633748,-6.3357421896110075,,-9.221000781726412,,,,,-1.1025333404541016,,,,,,,,,-5.883620291575961,,,,,,,,,,-1.0,-4.659891403032825,-6.248058673301103,,-9.220089104675493,-0.12050509452819824,,,1.0,-8.358600265754431,0.0,,-9.220089104675493,-6.333442036132338,,,0.0,-6.958996781067052,,-6.248058673301103,,1.022781314512381,,,-6.569840630963445,,,-6.2452409224129,0.0,,-4.822412276672323,-6.3352693239913105,,-8.358600265754431,,1.9664847850875953,,-1.0,-8.359513914411995,-4.821948192842706,-1.6424763202667236,,,-9.220089104675493,-1.1210668087005615,-6.021325379548218,,,-5.883620291575961,,,-6.718387863722737,,
23,,,-7.72855818271637,,-7.733460068702698,,,-6.957155802331514,,,,,-8.669949173927307,-9.921551483385633,,-4.563340544700623,,-1.6274644045187967,-7.72855818271637,-9.921052445521209,-8.672943115234375,0.1593613624572754,-9.925025894585763,,,,,,,,,,,,,,-6.788876345840899,,,,-0.6894242763519287,,1.1466944217681885,,-0.6569981575012207,,0.2926003932952881,-5.674657225608826,-7.7320849895477295,-1.3965344429016113,-7.72855818271637,2.010824680328369,,-0.23308634757995605,,-7.731282114982605,,,-7.72855818271637,-8.66783618927002,2.618933916091919,,,-9.925025894585763,,-9.926025148680289,,,1.0,,-5.500385761260986,,,-8.66668164730072,,,-8.672943115234375,-9.92410028834608,,-9.92359005600772,,,0.0,,-7.7320849895477295,-8.669949173927307,0.0,,,-7.72855818271637,,-6.960544782020025,0.0,,-5.499777793884277,,-1.1515545845031738,-5.675782561302185,-1.755380630493164,
24,,-1.9862909943891183,-5.883802771568298,,-7.819540500640869,,,-5.885357856750488,1.0,,,,-7.819795608520508,-7.812342643737793,,-4.647145867347717,,0.2530968189239502,-5.883802771568298,-7.815495133399963,-3.3443604318855393,,-5.88676393032074,-2.445594072341919,,,,,1.6312777996063232,0.0,,1.461799144744873,,,,,-1.9068953445781467,,,,,,,0.0,,,,-5.887319445610046,-3.343695402491348,,-5.883802771568298,,,,2.0951831340789795,-5.884351134300232,,,-5.883802771568298,-5.886362195014954,,0.27534008026123047,,-7.81751811504364,0.0,-7.815305590629578,1.2328624725341797,,,,-4.645484685897827,-0.04387974739074707,,-5.882317423820496,,,-3.3443604318855393,-7.820289134979248,,-3.3435238778506857,,,,,-3.343695402491348,-3.3441907980676873,,,0.21279215812683105,-3.340865651096731,,-7.817287445068359,-0.41356563568115234,,-1.9065879508126757,1.0726308822631836,,-3.342821572235374,,
25,,,-8.442831635475159,,-8.450428247451782,,,-7.53057599067688,0.0,,-1.3495826721191406,,-8.451282382011414,-8.44312608242035,,-8.451786041259766,,,-8.44050645828247,-8.44538152217865,-8.445444703102112,,-8.447293639183044,,,,0.06060361862182617,,0.2871894836425781,,2.645214796066284,0.7646322250366211,,,,,-7.528479695320129,,0.0,-2.4182331562042236,,,,-1.6975665092468262,,-0.8812439441680908,,-8.450552821159363,-8.440858721733093,,-8.44050645828247,,,,,-8.448123335838318,,,-8.442831635475159,-7.532291412353516,,1.209343671798706,,-8.446074724197388,,-7.537522315979004,-2.143932580947876,,,,-7.535937428474426,,,-7.528616786003113,,,-8.445444703102112,-7.540749907493591,0.0,-7.528558373451233,,,-0.3965020179748535,,-8.443787693977356,-7.530131936073303,,0.27402400970458984,,-8.436781764030457,,-7.537010312080383,,,-8.440342545509338,0.0,,-8.44007432460785,,
26,,,-4.757992602749852,-1.3310611248016357,-8.401841521263123,-2.4337852001190186,,-4.753777515808945,,,,0.05648016929626465,-9.466169476509094,-4.755344906501449,-2.597064971923828,-8.399659395217896,,,-4.7566218466212495,-9.470884203910828,-9.46429193019867,,-9.467499852180481,,,,,,,,0.0,,0.0,,-1.4674019813537598,,-8.39390754699707,0.0,,-1.3075317559785455,0.8062803745269775,,,,,,,-9.46576476097107,-8.393766283988953,,-8.400154709815979,,,,,-4.756665437898066,0.34230828285217285,,-4.757992602749852,-8.399144411087036,,,,-9.466375708580017,,-4.7524730942320215,,,,0.0,-8.400044441223145,,,-4.75343257614022,,,-4.7553150559531945,-9.46746289730072,0.9787881374359131,-8.39390754699707,,,,,-8.395400047302246,-9.462209343910217,,0.23317694664001465,,-9.462829232215881,-1.0,-9.463117718696594,,,-8.392722606658936,,,-4.750764505708088,,2.865502905927182
27,,,-7.966673374176025,,-5.824873449395996,,-2.500859769689975,-7.259646058082581,,,,,-5.822865793490399,-7.265031337738037,,-5.822223360254742,,,-7.260029315948486,-5.824779769889824,-7.963528633117676,,-7.26324200630188,,,,,,,,,,0.5902290344238281,,,0.0,-7.2544461488723755,-0.13122200965881348,,,,,1.0,,-0.14240503311157227,0.0,,-7.962425947189331,-7.2540295124053955,0.0,-5.82214050593595,,,,,-7.262364625930786,,,-5.824784349776793,-7.961441874504089,-0.5782055854797363,,,-5.822095956126348,-0.3063523769378662,-7.262001037597656,,,,0.17392277717590332,-5.821828657268739,,,-7.963170409202576,,,-7.963493466377258,-7.965806722640991,,-7.957849502563477,,1.02866530418396,,0.959855318069458,-5.820004613195238,-7.959672808647156,,,-2.453150749206543,-7.255644798278809,,-5.820607076508261,,,-7.252592444419861,,,-7.9581522941589355,-1.6386115550994873,4.922757148742676
28,,-1.0,-8.767316937446594,,-2.845584065076971,,,-8.759618401527405,,,,2.7212917804718018,-2.844808971896416,-5.838190317153931,-0.48098087310791016,-5.833687782287598,,,-2.84085535942892,-8.76459538936615,-5.832244157791138,,-8.76147210597992,-2.984246015548706,0.0,1.4559829235076904,,,,1.5495777130126953,2.3372047745203295,,,,,,-5.823066830635071,,,,2.9935991764068604,,,,,,,-2.8440439405053097,-2.83612698917385,,-5.830369591712952,,0.0,-0.7789623737335205,,-8.763511776924133,,,-5.836314558982849,-2.8415804790552115,,,,-8.759000897407532,,-5.832990407943726,,,,,-5.833876729011536,-0.1932978630065918,,-5.835954546928406,1.3312530517578125,,-8.762010931968689,-2.843106517121644,0.0,-2.8385699916520686,,,,,-8.756890296936035,-8.7576425075531,,,,-5.821540951728821,,-2.844071107336822,,,-8.748853206634521,-0.738823413848877,,-2.8407738589343827,,2.294539213180542
29,,,-5.236445069313049,-0.925479531288147,-5.349504824511393,,-3.3412039279937744,-5.346636888384322,,,-0.469973087310791,,-5.218905806541443,-7.226110100746155,0.0,-5.2170491218566895,,,-7.220308184623718,-5.351539067883577,-7.226270437240601,,-5.226095914840698,,,-0.20740866661071777,-0.007477998733520508,,3.2787549637356044,,,,,,0.0,,-5.341498399541263,,,,,0.0,,,,,,-5.223361253738403,-7.214491963386536,,-5.344791031482023,,,-1.1153757572174072,4.146714210510254,-5.350187725464728,,,-5.349276777732058,-5.348076640242986,,,,-7.2225117683410645,,-7.221817374229431,,,0.8089244365692139,,-5.2174752950668335,,0.0,-7.227268218994141,,0.18413662910461426,-5.353434500172687,-5.223873853683472,,-7.222758531570435,,,,,-5.351434133314825,-7.226426005363464,0.0,,,-5.214882493019104,-1.0,-5.220015048980713,,,-7.217919230461121,,,-5.226266980171204,,
30,,,-4.227191213567613,,-7.4696409702301025,,,-7.477118670940399,,2.523421049118042,,,-7.493002116680145,-7.477802932262421,,-4.223045152346469,,,-4.226610094474623,-4.223960428714678,-7.49991774559021,,-4.222437543494253,,,,,,,,,,,,,0.8865904808044434,-7.4682024121284485,,-0.559232234954834,,,,,,,,,-4.222488315532767,-7.47595489025116,,-7.469784915447235,,,,,-7.493537962436676,,-0.9750986099243164,-4.2249074376069595,-4.223009004862527,,,0.8569812774658203,-7.502489686012268,,-7.499594986438751,,-0.449141263961792,,,-7.495432794094086,,,-4.228003152281348,,,-7.499176561832428,-7.47760683298111,,-7.480993270874023,-0.4935920238494873,,,,-7.493307888507843,-7.485856711864471,,,,-7.490436136722565,,-7.493002116680145,,,-4.226465780473847,,,-7.480727434158325,,
31,1.5908396244049072,-4.5533448457717896,,,,-0.06450302669395612,-3.787776231765747,,,,,3.226228952407837,,,,,,1.8334609398848039,,,,,,-3.3389896154403687,-1.4320564270019531,,,,,,,,-0.11632880121568176,,1.3510698099579816,1.2219570007623033,,,,,,,,,,,-1.8038511276245117,,,-0.44298656044463797,,,,,,,,,,,,,,,,,,,,,,,,,,,,,,,0.0,,,,,,,,,,,,,,,,0.130842924118042,,-1.0235646765048816,
32,,-4.506580829620361,,,,-0.30446648597717285,-3.5894358158111572,,,0.8838038095142777,,4.2858147621154785,,,,,,,,,,,,-4.112555980682373,,,,,,,1.1176999461216783,,,,,,,,,,,,,,,,,,,,,,,,,,,,,,,,,,,,0.9815526008605957,-0.47060795764463326,,,,,,,1.1966717208869406,,,,,,,,0.0,,,,-1.5116130302135617,,,,,,1.0,,,-0.5952311847058961,,,,
33,,-2.0469561561165435,,,,,-0.41083854106551027,,,,,2.801676092799314,,,,,,,,,,,,-3.544180359292298,,-0.5041909994845696,,,1.6753213933634585,,,2.035910679835771,,,,,,,0.127800046372054,,,,,,,,,,,,,,,,2.21352662806777,,,,,,-0.0810526789869541,,,,,,,,,,,-2.0313290764454988,,,,,,,,,,1.5109124452250964,,,,,,,,,,,0.0,-1.0,,,,,,
34,,-3.2099761634297974,,-1.7720163136851097,,,,,,,,3.282063856653639,,,,,1.319171508209355,,,,,-0.26225648416427716,,-1.820289873010372,,,,0.0,,-1.0,,,,,,,,,,-0.3705752636785049,,,2.796638526502963,,,,,,,,,,,,,,,,,,,,2.668924810148168,,,,,,,,,,,,,,,,,,,,,,,,,,,,-1.0777816143146193,,,-1.0500192660871828,,,,,,
35,,,,,,,,,,,,,,,,,,,,,,,,-3.069491386413574,,,,,,,,,,-0.3915769667672507,,,,,,,,,,1.364430966523714,,,,,,,,0.7931554317474365,-2.3261214781008808,,,,0.0,,,,,1.5074245328182365,1.766188934426913,,,,,-2.332216501235962,,-0.08114775837824584,,,,,,,,,,,,,,,,,,,,,,,,,,,,,,
36,0.34882960605438873,,,,,,-1.0836373371765424,,0.6435565363745394,,,,,,,,,,,,,,,-3.225576685722015,,,0.7852415099941785,,,-1.9886672037818245,,,,,,,,,,,,,,2.1555553259478986,,0.8551907509437047,,,,,,,,1.0297590154445628,,,,-1.0,,,,,,,,,,,0.0,,,,,,,,,,,,,,3.060286172287193,,,,,,,,,,,,,,,,,
37,,,,,,,,,,,-0.528916645398908,,,,,,,0.0,,,,,,-2.280460577202635,,,,,,,,,,-1.0,,,,,,,0.9933294300741119,,,,0.0,,,,,,,,,,,,,,,,,,,,,,,,,,,,0.20111292929596214,,2.355727318108759,,,,,,,,,1.0,,,,,,,,,,,,,-0.3399396829686121,,,
38,,,,,,,,,,,,,,,-1.357804600174479,,,,,,,,,-5.043216943740845,,,,,,,,-0.09560816615207031,,,,,,-0.00363303358304184,0.21733999252319336,,,,,,,,,,,,,,,,,,,-0.5783404142458953,,,,,,,-1.0800868725385697,,-1.023470431143338,,,,,-3.4894371032714844,,,,,,,,,,,,,,,,0.0,,,,,,,,,,,,
39,,,,,,,,,,,,,,,-1.3216819768575758,,,,,,,,,-2.1963221098361565,,,,-1.4409139965204278,1.0,,,,,,,,,,,,,,,,,,,,,,,0.5963412783007145,,0.0,,,,,,,,,,,,,,,0.40761452479487037,,,,,,,-1.312945476139243,,,0.04927197543281974,,0.724837739512493,,,,,,,,,,,,,,,,,,,
40,,,,,,,,,,,,,,,,,,,,,,,,-1.817019332751603,-0.6024188530756515,,,,,,,,,,,,,,,,,0.8870907207518278,,,,,0.3264000440367707,,,,,,,,,,1.045663962742223,,,,,,,,,,,,,,,,,,,,,,,,,,,,,,,1.1342562706526615,-0.8667437310153978,,,,,,,,,,,1.8085826665265496
41,,-1.6693001985549927,,,,,,,,,,3.747529983520508,,,,,,0.0,,,,,,-1.3723915815353394,,,,,2.0154134716367667,,,2.4217007869484526,,,,,,,,-0.04041922628724338,,,,,,,,,,-0.6380657540750119,,,,,,,4.142481088638306,,,,,,,,,,,,,,,0.0,,,-0.0295257568359375,,,,,,,1.0042197772950265,3.8015806674957275,,,,,,,,,,,,,,,,,2.4431881123307773
42,,,,,,,,,,,,3.5065150260925293,,,,,,1.548241376876831,,,,,,-5.034606456756592,,-0.4604529629256643,,,,-2.1779243515228246,0.6673470341970105,,,,,0.5255074882389331,,,,,,,,,,,,,,,,,,,,,,,,,,,-0.7851612567901611,,1.464572033837345,,,,,,,-1.5653570940453754,,,,,,,,,,0.0,0.6839406490325928,,,,-1.4539906702729144,,,,,,,,,,,,,
43,,,,,,-1.1715034204203771,,,0.22458332733890576,2.7961487001683234,,1.1251857676911903,,,,,,,,,,,,,,,,,,-1.0,,,,-0.5945911680501805,0.07771205887007437,,,0.0,,,,,,,,,,,,,,,,,,,,,,,-0.22304845415701563,,,,,,,,,,,,,,,,,,,,,,,,,,,0.41589128745917797,,,,,,,,,,,,1.3656761732679605
44,,,,,,,-0.9332874160180696,,,,,,,,,,3.4438391071659784,,,,,,,,,,,,,,,,,,,,,,,,1.264998057805464,,,,,,,,,,,1.9579371016702873,-1.9066505776230416,,1.8624818368844323,,,,,,,,,,,,,,,-0.3116718698298062,,,,,,,,,,,,,,,,,,,,,,,,,,,,,,
45,,,,,,,,,,,,,,,,,,,,,,,,,-1.5429220496626337,,-1.0,,,,,,,,,,,,0.7893995741558647,,,,,,,,,,,,,,,0.5611458588096505,,,,,,,,-0.5331953416104389,,,,,,,,,,,,,,,,,,,,,,1.318420096678128,,,,,-1.1792002654332532,,,,,,,,,,,
46,,,,-1.7832672747414005,,,,,,,,,,,-1.880702948539038,,,,,,,-1.2778767857399762,,,,,,,,,,,,,,,,,,,,,0.05986724740681063,,0.09040106317167561,-0.6865441885223497,,,,,,,,,,,,,,,,,,,,,,,0.09694517976089427,,,,,,,,,,,,,,,,,,,,,,,,,,,,,,,
47,,,,,,,,,,,,,,,,,,,,,,,,,,,,,,,,,2.004289912097714,,,,,,,,,,,,,,,,,,,,,,,,,,,,,,,,,,-0.11701092664259305,,,,,,,,,,,,,,0.9158175559999424,,,,,,,,,,-0.59422340991814,,,-1.0631127803593778,,,,,-0.5692428318634997,
48,1.1985345422894877,,,,,,,,,,,2.313623955171273,,,,,,,,,,,,,,,,-1.2689507833517961,,,,,,,,,,,,,,1.8971320260685667,,,,,,,,,,,,,,,,,,,,,,,,,,,,,,,,,1.360500079126444,-0.3942493058452862,,,,,,,,,,,,,,,,,,,,0.4746309830381677,,,,
49,,-3.016336014041347,,,,,,,,,0.7809078680458645,,,,,,,,,,,,,-1.376520486555698,,,,,,,,,,,,,,0.5695557409831821,,,,,,,,,,,,,,,,,,,1.2256964925405343,,,,,,,,,,,-0.8453797349983455,,,,,,,,,,,0.8555259031204592,,,,2.1968459120401675,,,,,,,,,,0.3113041116977658,,,,,,,
50,,,,,,,,,,,,,,,,,,,,,,,,,,,,,,,,,,,,,,,,,,,,1.3853673624998202,,,-0.7325328374742839,,,,,,,,,,,-0.04304118891078853,,,,,-0.5380733070537628,,,,,,,,,,-1.4792176193010977,,,,,,,,,,,,,,,,,,,,,,,,-1.060208480196809,,,
51,,-3.545912504196167,,,,,,,,,,,,,,,3.5534465312957764,,,,,,,-2.9538100957870483,-2.236773820704887,,,,,,,,,,,,,,,,0.931162437260204,,,,,,0.25156283567011517,,,,,2.8762727723044748,,,,,,,,,,0.0,,,,,,,,,,,,,-0.422725077631343,,,,,,,,,0.5066013336181641,,,,1.5470803690795558,,,,,,,,,,,-2.1771222352981567,3.871889198013632
52,1.0480985869231356,-4.739584922790527,,,,,,,,0.07478885517515654,,,,,,,1.7914974689483643,,,,,-1.0582101914107511,,,,,,,,,,,,,0.8729491388202877,,,-0.560975891229123,,0.39763689041137695,,,,,,,,,,-2.269713878631592,,,,,,,,,,,,,,,,,,,,,,,,,,,,,,,,,,,,,,0.0,-1.2192550586873423,,,,-0.2023656920064129,,,,,,,
53,,-5.338019132614136,,-1.1653294604954558,,,-2.8694244361629786,,,,1.5143677905826833,,,,-1.6834665213168833,,,,,,,,,-2.712769357235561,,-3.2907384634017944,-0.9905071381775765,,,,,,0.24643421173095703,,,,,,,,,-0.041948444621199885,,1.1962399620764896,,,0.0,,,,,,,,,,,,,,,,,,,,,,,,,,,,,,,,,,,,,,,,,,,,,,,,,,,,,
54,,-3.9131009578704834,,,,,,,0.9598660604112996,,0.6739544868469238,1.6731787038894679,,,,,,,,,,,,,,,0.0,-0.7132465081430795,,,-0.9636144691685057,,,,,,,,-0.6132680798027125,,,,,,,,,,,,,,,,,,,,,,,,0.0,,-2.133103609085083,,,,,,,,,,,,,,,,,,,,,,,,,,,,,,,-1.7676328343740402,,,,
55,,-3.072981834411621,,,,,,,,,,,,,,,,1.4572277487887024,,,,,,,,,,,,,,,,,,,,,0.0,,,0.7312202453613281,,,,,,,,,,,-0.47298615685348494,,,,2.035621645518155,,,,-0.41301190853118896,,,,,,,,,-0.32417366340043924,,,,,,,,,,,-0.4849246944902608,0.717136952519268,,,,,,,,,,,,,,,,,-1.4880738904798851,
56,,-4.14734959602356,,,,-0.7627294984899838,,,,,,,,,,,,,,,,,,,,,,,1.5561253748408757,-2.412673394420486,,,,,,,,,,,,,0.06875038146972656,0.0,-0.1089012622833252,,,,,,,,,,2.173838281795117,,,,,,0.19062422879097507,,,,1.452838848162148,,,,,,,,,,,,,,1.0,,,,,,,,,,,,,,,,,,,,,
57,,-2.2550994157791138,,,,,,,,,,,,,,,,,,,,,,,,,,,,,,1.0885272504212244,,0.048317909240722656,,1.6336306612290696,,,,,,,,,,,,,,0.07847645493298581,,,,,,,,,,,,,,,,,,,,0.0,,,-1.022154688835144,,,-0.3682601879486328,,,,,,,2.979970314555633,,,,,,,,,,,-0.9858905366993408,,,-0.20013129417529682,,,
58,,,,,,,,,,,,,,,,,,,,,,,,,,,,,,,,,,0.0704576565188135,,,,,,,,,,,-0.031620679675945736,,,,,,,,,0.16382832154733604,,,,,,,,0.5563508563860102,,,,,,,,,,,,,,,,,,,,,,,,,-1.2943128938159467,,,,-0.6937086210294386,,,,,,,,,
59,,-2.5942122260709928,,,,,,,,,,,,,,,,,,,,,,,,,,,,,,,,,,,,,,0.8535097889173158,,,0.10763015345173185,,,1.2804697473008795,,,,,,,,,,,,0.4640632129522281,,,,,,,,,,,1.0845680075420914,,,,,,,,,,,,,,,-1.1318862862834427,,,,,,,,,,,,,,,,
60,,,,,,,,,,,,,,,,,2.65689520789576,,,,,,,,,-0.380297706657387,,,,,,,2.674107261748565,,,,,,,,,,,,,,,,,,,,,,,,,,,,,,,,,,1.5747719884454023,-0.3997863251656934,,,,-1.2323667217646506,-1.51776332959898,,,,,,,,,,,,,,,,,,,,,,,,,,,
61,,,,,,,,,,,,,,,,,,,,,,,,,-1.7018554982532943,-0.8994812073047713,,,0.43340204090233925,,-1.3038748618523093,,,,,1.0,,-2.379115979923709,,,,-1.715206140210227,,,1.4758819101623262,,,,,,,,,,0.0,,,,,,,,1.759533224435841,,,,,,,,,,,,,,,,-0.5857284151160853,,,,,,,,,,,,,,,-1.6614514299984362,,,-2.1916426219942857,,,1.4615450797521827
62,,,,,,,,,,,,1.8136899667123447,,,,,,,,,,-0.016125468187660287,,-3.1156240854363455,,,,,,,,,,,,,,-1.1417326990651806,,,,,,,,,,,,,,,,1.0076079879343574,2.0190792503010306,,,,,,,,,,,,,,,,,,,,,0.11862198324470148,,,,,,,3.0651884232538555,,,,,,,,,,,,,,,,,
63,,,,,,,,,,,,,,,,,,,,,,,,,,,,,,,,,,,,,,,,0.8816939166426065,,,,0.6545634732286663,,1.7036977224090792,,,,-0.7542696705778644,,,,,,,,,,,,,,,,,,,,,,,-1.543310780497239,,,,,,,,,,,,,,,,,,,,,,,-1.4267354503877652,0.8682039673402057,,,
64,,,,,,,,,-0.38529899609221596,,,,,,,,2.2728658146297884,,,,,,,,,,-0.45448697976468216,,,,,,,,,,,,,,,,0.06331744511830294,,,,,,,,,,,,,,,,,,-0.9906880433468215,,,,,,,-2.199875609495746,,,,,,,,,,,,,,,,-1.8213511298147653,,,,,,,,,,,,,,,,
65,1.0041677515057434,,,,,,,,,,,,,,-2.50877370578534,,,,,,,,,,,,,,,-2.783992620074453,,,,1.5848232555886117,,,,,,,1.708396043925052,,,,,,,,,,,0.33226681014771275,,,,,,,,,,,,,,,,,0.44585684693311234,,,,,,,,,,,,,,,,,,,,,,,,,,,,,,,
66,,,,,,,,,,-0.05702898913217732,,,,,,,,,,,,,,,,,,,,,,,,,0.22379734510172017,,,,,,,,,,,,,,,,,,,,,,0.6339307202399264,,,,,0.6376813420939751,,,,,,,,,,,,,-1.82872357144911,,,,,,-1.3873826749000209,,,,,,,,,,,,1.2047366076369783,,,,,,,
67,,,,,,-1.0,,,,,0.6396177059917385,,,,,,,,,,,,,,,,,0.0011804887310002171,,,-0.1725971421695232,,2.469422505858131,,,,,,,,,,,,,,,,,,,,,,,,,,,,,,,,,,,,,0.8909267013788912,,,,,,,,,,,,,,,,,,,,,,,,,,,,,-0.4297585571646843,
68,,-1.268542476521194,,,,,-1.2413959623897945,,,,,,,,,,,,,,,,,,,,,,,,,-0.6007112080255903,,,,-0.4709555262588827,,,,,,0.157257484798795,,,,,,,,,,,-1.0651781821103767,,,,,0.0,,,,,,,,,,,,,,,,,,,,,,,,,,,,,,,,,,,,,,,,,,
69,,,,-1.617021410686003,,,,,,,,,,,,,,1.0502670772052234,,,,,,,,,,,,,,,,,,,,,,,,,,,,,,,,,,,,,,,,,,,,,,,0.6527437008105077,,,,,,,,,,,,,,,,,,,,,,-2.3476982439196163,,-0.8548156416923254,,0.6714109420315829,,,,,,,,,2.8524924776831697
70,,,,,,,,,,,,,,,,,,,,,,,,,,,,,,,,,,,,,,,-1.8414300732753817,,,,,,,,-0.3527049814103551,,,,,,,,,,,,,,,,,,,,0.27642027919720463,,,,,-0.7037611387206212,,,,,,,,,,1.0749222362403343,,,,,,1.483603732345352,,,,,,,,,,,,
71,,,,,,,,,0.0,,,,,,,,,,,,,,,-2.4941718578338623,,,,,0.0,,,,,,,,,,,,,,,,-0.1598242541825322,,,,,,,,,,,,,0.20418806179374108,,,,,0.2840049773652922,,,,,,,,,-0.6852233918591221,,,,,,,,,-1.0864000597635386,,5.0434571504592896,,,,,,2.6842182874679565,,,,,-0.2006322145462036,,,,,,4.5389733708027284
72,,-2.156632471083163,,,,,,,,,-0.02669657773178329,,,,,,,,,,,,,,,,,,,,,,,,1.0,,,,,,,,,,,,,,,,,,-2.605859437647574,,,,,0.0,,,,,,,,,0.33000715551190474,,,1.103947542847015,,,,,-1.234439324994269,,,,,,,,2.1021869911370787,-1.619436992312036,,,-2.327142753561094,,,,,,,,,,,,,
73,,,,,,-0.4347339680279717,,,,,,1.1478100251871088,,,,,,,,,,0.07973012660934933,,-2.1773204695246235,,,,,,,0.6582470387386378,,,,,,,-0.29149446198533596,,,,,,,,,,,,,,,,,,,,,,,,,,,,,,-0.954004413420137,,,,,,,,,,,,,,,,,,,,,,,,,,-1.1872012280821251,,,,,,
74,,,,-1.5760732718559876,,,,,,,,,,,,,,,,,,,,,-2.58035540995517,,,,,,,,,,,,,,-1.5627616028053708,,,,,0.029464303370268077,,,,,,,,,,,,,,,,,,,,,,,,,,,,,-0.41137345546774123,,,,,,,,,,4.884793328748533,,,,,0.7744395154173084,,,,,,,,,,,-0.5277655101396607,
75,,,,,,,,,,,,,,,,,,,,,,,,,,-1.3057717955647545,,,,,,,,,,,,,,,,,0.9921084298082367,,,,1.7127387886604546,,,,,4.73388819677438,,,,,,,,,,-0.23040821572879658,,,,,,,,,,,,,,,,,0.48483170631494066,,,,,,,,,,,,,,,,,-0.3507163934462249,,,,
76,0.22404112844693166,,,,,,,,-0.6350652308769493,,,,,,,,,,,,,,,,,,-1.5117051577545022,,,,,,,,,,,,,,,1.5908336207988834,,,,,,,,,,,,,,,,,,,,,,,,,,,,,,,,,,0.9931345170322423,,,,,,,,,,,,,,,-0.4424973688662725,,,,,,0.16036110067446377,,,
77,,,,,,,,,,,,,,,-2.6700265347181484,,,,,,,,,,,,,,,,,-0.5904322676234692,2.184916151608965,,,,,,,1.0940799674230124,1.094649039352386,,,,,,,,,,,,,,1.813550210527318,,,,,,,,,,-0.3733368195397475,,,,,,,,,,,,,,,,,,,,,,,,,,,,,,,,,,,
78,,,,,,,,,,,,,,,,,3.021188957514423,1.0534451556012572,,,,,,,,,,-2.265587407470882,,-1.0116579181927974,,,,0.8064818537829368,,,,,,,,,,,,,,,,,,,,,,,1.331370511234593,,,,,,,,,,,,3.868248496207286,,,,,,,,,,,,,,,,,,,,,,,,,,,,,,,
79,,,,,,,-1.3742387655899708,,,,,,,,,,,,,,,,,,,,,,,,,,,,1.5663181192648792,1.1210995319255213,,,,,,,,,,,,,,,,,,0.631025332855811,,,,,,,,,,,,,,,,,,,,,,,,,,,,1.0,,,,,,,,,,,0.32180871126813687,,,,,,,
80,,,,,,,,,,0.5286868646919798,,,,,,,,,,,,,,,,,,,,,,,,,,,,,,,,,,,,0.20013205105388165,,,,-1.2478711070389876,,,-1.5570210805628613,,,,,,,,-0.08610527025057475,,,,,,,,,,,,,,,,,,,,,,,,,,,,-0.5439298628002001,,,,,,,,,,,
81,-1.0216747530084498,,,,,,,,,,,,,,,,0.7921926352710074,,,,,,,,,,,,,,0.10324010103560878,-0.040983953140988336,,,,,,,,,1.0,0.5260091654603142,,,,,0.8019022044302042,,,,,0.5928104887420744,,,2.4168366323198947,,,,,,,,,,,,-1.1783991402914546,0.0,-0.30135899222502327,,,,,,,-0.6259997093990942,,,,,,,4.63520523866281,,,,,,,,,,,-1.0884979856785562,,,0.5300249163369217,,0.600547144615465,1.7227396508923136
82,,,,,,0.0,,,,0.5240706729102297,,,,,,,,,,,,0.21634697914123535,,,,,,,,,2.195832133293152,,,,,,,,,,,,,,,1.0313322360202128,-1.1104947328567505,,,,,2.903180718421936,,0.15250012877156538,,,,,,,,0.29762914250438016,,,,,,,,,,,,,,,,,1.9567746528357037,,,0.43945276313027914,9.163896441459656,-1.3727629303949327,,,,,,,,,,-2.302525043487549,,-2.1656501293182373,,,,3.8505177385714275
83,,,,,,,,,,,,,,,,,,,,,,,,,,-1.0,,,-0.38218439626893036,,0.03673680449655996,0.0,,,,,,,-2.2289712189785456,,,,,,,1.0,,,,,,3.0257762234644088,,,,,,,,,,,,,,,,,,0.09850832556219359,,,-0.8125185949984355,,,,,,,,,,2.510402264706768,,,,-2.023211054134486,,,,-0.24506458951084487,,,,,,,,,
84,,,,,,,,,,,0.40106653607564235,,,,,,,,,,,,,-2.7839074751317123,,,,,,,,,,1.313554149019837,,,,,,,,,,,,,0.5380514209846143,,,-1.3384750986543947,,,,,,,,,,,,,,,,,-0.43569378659899305,,,,,,,,-1.5539179998047286,,,,,,,,,,,,,,,,,,,,,,,,,
85,,,,,,,,,,,,,,,,,2.051931073770347,,,,,,,,,,,-2.0280575943318984,,,,,,,,,,-0.293312027725479,,,,,,,,,,,,,,,-1.9220728301222445,,,,,,,,,,,,,,,,,,,,,,,,,,,,,,,,,,,,0.21537524802941066,,,,0.39731716936266914,,,-1.0656323683281914,,,,
86,,,,,,-1.9752016716471152,,,,,,,,,,,,,,,,-0.2163838945595359,,,,,,,,-3.1760478353692054,,,,,,-0.5069701934187352,,,,,,,2.667233902208951,,,,,,,,,,,,,,,,,,,,0.8670458572842038,,,,,,0.0,,,,,,,,,,,,,,4.326219120770815,,,,,,,,,,,,,,,,,
87,,,,-1.8782332233713857,,,,,1.122583995577946,,,,,,,,,,,,,,,,-2.455558434230019,,,,,,,,,,,,,,,,3.1704847115478496,,,,,,,,,,,,,,,,,,,,,,,,,,,,,,,-0.8605772963814037,,,,,,,,,-1.8630189590183532,,,,,,,,,,,,,,,,,,,
88,,,,,,,,,,,,,,,-2.5986543948005503,,,2.456496736890094,,,,,,,,,-1.5322282554797106,,,,,,,,,,,,,,,,,,0.9478521287285134,,,,,,,,,,,,,-0.861253058805169,,,,,,,,,,,,,,,,,,,,,,,,,,,,,-2.286679331125894,,,,,,,,,,,,,
89,,-2.2903975620275334,,,,,,,,,,,,,,,,,,,,,,,,,,,,,,,,,0.2229827645986594,,,,,,,,,0.3990700002229478,,,,,,,,,,,,,0.9496810693498304,,,,,,,,,,,-1.3730423839114727,,,,,,,,,,,,,,,,,,,,0.891875705841155,,,,,,,,,,,,
90,,,,,,,-1.4387427897533198,,,,,2.9152963706406982,,,,,,,,,,,,,,,,,,,1.5184977470741947,,2.3907748050552255,,,,,,,0.7445175986524728,,,,,,,,,,,,,,,,,,,,,-0.8162718056387339,,,,0.36090864291683356,,,,,,,,,,,,,,,,,,,,,,,,,,,,,-0.488708463482306,,,,,,
91,,,,,,,,,,,,0.6907318055229339,,,,,3.3671462604435796,,,,,,,,,,,,,-1.6971686482429504,,,,,0.9476237291547831,,,,-2.1048760191926985,,3.2959991693496704,,,,,,1.3590927087877058,,,,,9.169913530349731,,,0.8250870717712981,,,,,,,,,,,,,,,0.5995003858671946,,,,,,,,,,,,,9.578068256378174,-1.250920295715332,,,,,,,0.7097446918487549,,,,,,,,0.0,8.455767631530762
92,,,,,,,,,0.25848001879005467,,,,,,,,,,,,,,,,,,,,,,,-1.1054272945400507,,,,,,,,0.045653581619262695,2.007509469985962,,,0.831724658591417,,,,,,,,3.1660115718841553,,,,,,,,,-2.071610689163208,,,,,,,-1.5447602590343255,,,,,,,,,,,,,-1.6252414186491293,1.684233130892863,4.756512641906738,,,,,,,,,,0.2945455155521256,,,,0.0,,,2.653125524520874
93,,,,,,0.0,,,,,,,,,,,,,,,,,,,,,,,0.8600010066100728,,,,,,,,,,,,,0.01758212260510687,,,,,,,,,,8.69906485080719,,-0.8555779619501392,,,,,,,,,-0.5086142334664295,,,,,,,,,-0.6607389450073242,-0.99605442405127,,,0.8139096735227997,,,,,,2.3238176107406616,6.982443928718567,,,,,,,,-0.8648230043955306,,,,,,,,,
94,,,,,,,,,,,,,,,-1.0,,,3.059508103211086,,,,,,,,,-1.4427685132369226,,,,3.002895010569406,,,,,,,0.3149817132503439,,,,,,,,3.826821908285615,,,,,,7.106941686677589,,,,,0.0,,,,0.29067879072576586,,,,,,-1.067090561352884,,,,,,,,,,,,,,,,9.606396323847378,,,,0.0,,,,,,,,,,,,,
95,,,,,,,,,,,,,,,,,,,,,,,,,,-1.368345468576989,,-2.2281399523537897,1.568508310744844,,,,,,,-0.9170700936147368,,,,1.1907452269905714,,,1.4422380297285509,,,,,,,,,4.41059809468367,,,,,,,,,,0.08937925712176627,,,,,,,,,,,0.0,,,,,,,,-1.0,,3.6595153632047155,,,,,,,,,,,,,-0.17617957923698957,,,,2.766731537093581
96,,,,,,,,,,0.03713384558601483,,,,,,,,,,,,,,,,,,,,,,,2.9477495135256757,,,0.0,,,,,,,,,1.2752796698318962,,,,,,,4.7608501205652125,,,,,,-0.6941230748582358,,,,,,,0.9309321209274234,,,-1.0,0.11038788041472335,,,,,,,,,,0.0,,,,7.192452621956514,,,,,,,,,,,,,,,,,
97,,-2.0540135221286446,,,,,,,,,,,,,,,,,,,,,,,,,-0.1692962646484375,0.0,,-2.852382478273999,,,2.637694862933262,,,,,,,,,,,,0.8723270893096924,,,,,-1.1770274804549878,,5.942105054855347,-1.8230740193940207,,,,,,,,,,,,,,,,,,,,,,,,,,,,,,7.851352691650391,,,,,,-0.3995691708888367,,,,,,,,-0.35453310069456095,,,
98,,,,-1.497838137100292,,,,,,,,,,,,,,4.595572601176528,,,,,,-2.3211537429117874,,-1.0,,,,,,,,,,,,,,,,,,,,1.152995336039996,,,,,,7.002472377744851,,,,,,,,,,,,,,,,,,,,,,,0.0,,,,,,,,9.68216083429422,-1.9703486226218836,,,,1.0,,,,,,,,,,,0.028262926551018353,
99,,,,,,-0.9691678690064759,,,,,0.19743717075462203,,,,-2.673306043015804,,,,,,,,,,-2.5263793913364427,,,,,,,,,,,,,,,,,,,,,,,,,,,2.141172790885476,-2.3949968225269416,,,,,,,,,,,,,,,,,,,,,,-1.2761738751132436,,,,0.0,,,,2.728614462624165,,,,,,1.0,,,,,-0.15181055598429688,,,,,,
100,0.9609052779921484,,,,,,-1.263321813240278,,,,,,,,,,,,,,,-0.39296077576082944,,,,,,,,,,,,1.0,,,,,,,2.587309331275375,,,,,,,,,,,0.8950694660257735,,,,,,,,,,,,,,,,,,,,-1.736422843337919,,,,,,,,,,,2.0290619917432684,,,,-2.166784384122404,,,,,,,,,,,,,
